1	5 
2	5 
3	8 
4	1 
5	2 
6	5 
7	1 
8	1 
9	1 
10	4 
11	9 
12	6 
13	7 
14	5 
15	5 
16	7 
17	1 
18	6 
19	4 
20	5 
21	2 
22	7 
23	6 
24	5 
25	8 
26	2 
27	6 
28	7 
29	4 
30	6 
31	9 
32	4 
33	2 
34	4 
35	4 
36	1 
37	4 
38	6 
39	2 
40	2 
41	7 
42	7 
43	6 
44	8 
45	9 
46	1 
47	7 
48	4 
49	1 
50	5 
51	2 
52	8 
53	8 
54	9 
55	7 
56	7 
57	2 
58	8 
59	9 
60	8 
61	5 
62	2 
63	2 
64	8 
65	4 
66	2 
67	7 
68	2 
69	7 
70	5 
71	4 
72	9 
73	7 
74	9 
75	1 
76	4 
77	1 
78	1 
79	9 
80	2 
81	9 
82	7 
83	7 
84	3 
85	8 
86	5 
87	6 
88	9 
89	6 
90	2 
91	8 
92	8 
93	6 
94	4 
95	8 
96	7 
97	5 
98	6 
99	8 
100	4 
101	5 
102	1 
103	5 
104	8 
105	5 
106	2 
107	9 
108	2 
109	1 
110	8 
111	1 
112	4 
113	2 
114	2 
115	1 
116	5 
117	1 
118	1 
119	5 
120	8 
121	1 
122	5 
123	8 
124	4 
125	5 
126	6 
127	6 
128	1 
129	5 
130	2 
131	5 
132	2 
133	9 
134	7 
135	1 
136	6 
137	7 
138	5 
139	1 
140	2 
141	6 
142	5 
143	4 
144	2 
145	8 
146	7 
147	8 
148	8 
149	1 
150	1 
151	7 
152	1 
153	2 
154	1 
155	3 
156	5 
157	5 
158	6 
159	5 
160	6 
161	4 
162	9 
163	9 
164	8 
165	4 
166	8 
167	9 
168	1 
169	8 
170	7 
171	7 
172	4 
173	6 
174	6 
175	8 
176	2 
177	9 
178	6 
179	2 
180	4 
181	9 
182	2 
183	2 
184	2 
185	2 
186	3 
187	5 
188	2 
189	2 
190	2 
191	1 
192	1 
193	7 
194	2 
195	7 
196	7 
197	7 
198	1 
199	2 
200	6 
201	8 
202	2 
203	8 
204	6 
205	8 
206	7 
207	7 
208	4 
209	5 
210	4 
211	2 
212	2 
213	7 
214	2 
215	2 
216	6 
217	6 
218	1 
219	5 
220	1 
221	1 
222	4 
223	4 
224	4 
225	4 
226	1 
227	8 
228	4 
229	3 
230	3 
231	1 
232	4 
233	6 
234	4 
235	1 
236	2 
237	3 
238	1 
239	3 
240	1 
241	7 
242	8 
243	5 
244	8 
245	4 
246	9 
247	4 
248	6 
249	8 
250	8 
251	8 
252	9 
253	8 
254	5 
255	1 
256	2 
257	2 
258	8 
259	5 
260	7 
261	2 
262	2 
263	9 
264	5 
265	4 
266	6 
267	2 
268	7 
269	7 
270	1 
271	2 
272	4 
273	5 
274	4 
275	6 
276	4 
277	8 
278	2 
279	1 
280	8 
281	2 
282	3 
283	9 
284	2 
285	8 
286	2 
287	9 
288	2 
289	6 
290	3 
291	6 
292	2 
293	1 
294	6 
295	6 
296	9 
297	6 
298	5 
299	8 
300	3 
301	8 
302	8 
303	5 
304	8 
305	8 
306	2 
307	1 
308	3 
309	8 
310	4 
311	6 
312	7 
313	9 
314	7 
315	1 
316	9 
317	5 
318	2 
319	1 
320	6 
321	1 
322	4 
323	8 
324	1 
325	3 
326	2 
327	2 
328	7 
329	5 
330	4 
331	5 
332	7 
333	1 
334	7 
335	5 
336	8 
337	9 
338	5 
339	8 
340	6 
341	6 
342	2 
343	2 
344	6 
345	8 
346	6 
347	4 
348	6 
349	6 
350	7 
351	2 
352	6 
353	1 
354	8 
355	3 
356	6 
357	3 
358	8 
359	3 
360	8 
361	4 
362	2 
363	6 
364	9 
365	9 
366	2 
367	1 
368	5 
369	4 
370	8 
371	7 
372	1 
373	3 
374	2 
375	4 
376	2 
377	4 
378	9 
379	8 
380	4 
381	6 
382	8 
383	6 
384	5 
385	5 
386	3 
387	1 
388	4 
389	2 
390	4 
391	8 
392	6 
393	4 
394	5 
395	9 
396	8 
397	8 
398	2 
399	2 
400	2 
401	2 
402	8 
403	8 
404	5 
405	1 
406	1 
407	4 
408	1 
409	5 
410	2 
411	1 
412	5 
413	6 
414	5 
415	1 
416	8 
417	8 
418	6 
419	4 
420	2 
421	4 
422	4 
423	9 
424	7 
425	7 
426	9 
427	8 
428	4 
429	4 
430	7 
431	2 
432	5 
433	7 
434	1 
435	5 
436	1 
437	5 
438	2 
439	2 
440	8 
441	8 
442	5 
443	8 
444	7 
445	7 
446	8 
447	3 
448	8 
449	2 
450	7 
451	8 
452	2 
453	7 
454	8 
455	7 
456	9 
457	8 
458	8 
459	4 
460	5 
461	2 
462	7 
463	9 
464	4 
465	5 
466	6 
467	1 
468	2 
469	8 
470	5 
471	2 
472	4 
473	4 
474	4 
475	1 
476	4 
477	6 
478	4 
479	5 
480	5 
481	7 
482	9 
483	2 
484	4 
485	1 
486	5 
487	4 
488	1 
489	3 
490	4 
491	4 
492	4 
493	7 
494	8 
495	6 
496	6 
497	8 
498	2 
499	7 
500	8 
501	8 
502	6 
503	2 
504	4 
505	9 
506	1 
507	3 
508	8 
509	2 
510	8 
511	9 
512	9 
513	4 
514	3 
515	8 
516	3 
517	4 
518	5 
519	7 
520	3 
521	8 
522	5 
523	6 
524	4 
525	8 
526	8 
527	5 
528	5 
529	4 
530	2 
531	5 
532	1 
533	4 
534	8 
535	7 
536	8 
537	7 
538	8 
539	1 
540	5 
541	9 
542	1 
543	8 
544	2 
545	5 
546	3 
547	1 
548	4 
549	5 
550	7 
551	2 
552	2 
553	9 
554	8 
555	7 
556	6 
557	4 
558	8 
559	8 
560	4 
561	7 
562	6 
563	6 
564	3 
565	5 
566	9 
567	5 
568	2 
569	8 
570	8 
571	8 
572	4 
573	2 
574	6 
575	9 
576	8 
577	1 
578	6 
579	9 
580	9 
581	7 
582	2 
583	9 
584	1 
585	4 
586	1 
587	4 
588	7 
589	2 
590	7 
591	5 
592	2 
593	2 
594	4 
595	5 
596	5 
597	5 
598	1 
599	5 
600	6 
601	2 
602	5 
603	2 
604	7 
605	6 
606	1 
607	7 
608	9 
609	8 
610	7 
611	9 
612	8 
613	8 
614	9 
615	5 
616	2 
617	7 
618	3 
619	4 
620	2 
621	4 
622	7 
623	4 
624	4 
625	2 
626	2 
627	4 
628	8 
629	5 
630	2 
631	1 
632	2 
633	4 
634	6 
635	9 
636	2 
637	5 
638	2 
639	8 
640	3 
641	4 
642	1 
643	9 
644	1 
645	7 
646	4 
647	1 
648	2 
649	9 
650	6 
651	9 
652	4 
653	8 
654	2 
655	2 
656	2 
657	4 
658	5 
659	7 
660	8 
661	3 
662	2 
663	4 
664	3 
665	8 
666	1 
667	2 
668	4 
669	2 
670	7 
671	6 
672	7 
673	4 
674	1 
675	7 
676	1 
677	3 
678	1 
679	9 
680	4 
681	6 
682	8 
683	2 
684	6 
685	9 
686	5 
687	7 
688	9 
689	1 
690	7 
691	4 
692	2 
693	6 
694	8 
695	5 
696	2 
697	9 
698	9 
699	6 
700	2 
701	5 
702	8 
703	5 
704	9 
705	4 
706	7 
707	4 
708	9 
709	4 
710	2 
711	5 
712	8 
713	3 
714	1 
715	2 
716	6 
717	7 
718	9 
719	4 
720	8 
721	7 
722	3 
723	8 
724	5 
725	6 
726	4 
727	8 
728	2 
729	9 
730	7 
731	5 
732	6 
733	5 
734	1 
735	9 
736	7 
737	9 
738	2 
739	8 
740	7 
741	2 
742	4 
743	2 
744	9 
745	9 
746	8 
747	2 
748	2 
749	8 
750	8 
751	8 
752	4 
753	1 
754	4 
755	5 
756	3 
757	4 
758	5 
759	1 
760	8 
761	2 
762	1 
763	2 
764	9 
765	2 
766	6 
767	9 
768	4 
769	8 
770	8 
771	2 
772	1 
773	4 
774	5 
775	6 
776	6 
777	9 
778	4 
779	7 
780	8 
781	3 
782	7 
783	6 
784	6 
785	9 
786	2 
787	6 
788	4 
789	7 
790	4 
791	5 
792	1 
793	3 
794	7 
795	4 
796	2 
797	5 
798	8 
799	5 
800	5 
801	5 
802	6 
803	2 
804	4 
805	2 
806	6 
807	1 
808	1 
809	2 
810	9 
811	8 
812	7 
813	4 
814	1 
815	4 
816	8 
817	4 
818	7 
819	1 
820	7 
821	8 
822	5 
823	5 
824	6 
825	1 
826	7 
827	8 
828	2 
829	5 
830	4 
831	7 
832	1 
833	6 
834	8 
835	8 
836	2 
837	8 
838	8 
839	4 
840	2 
841	1 
842	7 
843	8 
844	8 
845	5 
846	2 
847	2 
848	9 
849	5 
850	6 
851	8 
852	5 
853	9 
854	8 
855	7 
856	5 
857	8 
858	1 
859	9 
860	7 
861	7 
862	6 
863	4 
864	4 
865	7 
866	6 
867	4 
868	7 
869	4 
870	4 
871	3 
872	5 
873	2 
874	4 
875	9 
876	8 
877	2 
878	4 
879	2 
880	6 
881	1 
882	9 
883	5 
884	9 
885	1 
886	8 
887	9 
888	5 
889	2 
890	5 
891	8 
892	1 
893	2 
894	2 
895	9 
896	2 
897	3 
898	3 
899	1 
900	7 
901	7 
902	8 
903	4 
904	7 
905	4 
906	5 
907	4 
908	9 
909	2 
910	2 
911	7 
912	1 
913	4 
914	6 
915	8 
916	9 
917	6 
918	3 
919	2 
920	8 
921	7 
922	9 
923	1 
924	4 
925	5 
926	4 
927	9 
928	8 
929	9 
930	5 
931	7 
932	2 
933	1 
934	6 
935	9 
936	1 
937	5 
938	9 
939	4 
940	6 
941	1 
942	1 
943	9 
944	2 
945	2 
946	4 
947	9 
948	8 
949	1 
950	9 
951	1 
952	7 
953	6 
954	5 
955	7 
956	8 
957	4 
958	7 
959	6 
960	2 
961	5 
962	8 
963	7 
964	7 
965	5 
966	9 
967	5 
968	6 
969	2 
970	1 
971	2 
972	2 
973	5 
974	2 
975	4 
976	5 
977	7 
978	5 
979	2 
980	7 
981	8 
982	4 
983	6 
984	5 
985	8 
986	8 
987	9 
988	4 
989	9 
990	9 
991	2 
992	7 
993	9 
994	2 
995	4 
996	4 
997	8 
998	5 
999	4 
1000	7 
