295	154	193	257	173	174	293	289	294	157	
134	170	133	243	122	199	140	196	135	255	143	127	142	99	171	141	290
245	190	35	6	
226	
114	113	186	47	50	83	137	123	
23	271	100	287	25	21	19	20	284	22	277	272	278	270	
98	37	120	163	201	292	
279	
162	159	205	220	176	161	264	160	216	297	194	203	177	144	227	209	172	291	149	249	214	147	175	250	213	217	215	236	158	
87	61	51	165	101	52	63	90	28	53	85	106	104	30	107	26	78	33	44	92	59	105	151	77	58	103	93	62	24	80	48	
17	42	41	39	197	66	136	84	49	67	14	76	46	69	4	65	95	72	70	68	268	198	71	38	3	275	15	276	269	288	150	16	299	43	
109	81	108	153	156	192	155	79	
130	31	195	202	280	129	102	112	167	200	27	94	128	285	89	166	29	267	
17	42	41	39	197	66	136	84	49	67	14	76	46	69	4	65	95	72	70	68	268	198	71	38	3	275	15	276	269	288	150	16	299	43	
185	152	45	36	12	0	9	5	55	139	2	73	121	54	126	74	138	91	1	75	
282	111	110	64	283	281	274	60	273	32	286	86	18	
206	207	211	218	
191	116	242	115	164	97	251	
145	222	221	223	146	96	88	212	219	210	300	208	225	224	148	
254	188	189	266	40	187	168	124	253	169	125	
34	244	179	82	259	230	183	229	265	260	233	240	262	178	228	204	180	10	7	56	234	8	261	232	11	181	256	118	57	182	247	238	298	13	248	117	263	239	237	184	235	258	252	296	231	241	
