0	1
0	2
0	3
0	4
0	5
0	65
0	66
0	68
0	69
1	0
1	4
1	2
1	65
1	66
1	72
1	36
1	3
1	5
1	10
1	54
1	68
1	69
1	73
1	74
1	75
1	82
10	9
10	34
10	12
10	11
10	7
10	6
10	13
10	44
10	45
10	38
10	2
10	66
10	36
10	1
10	35
10	24
10	68
10	48
10	56
10	152
10	37
10	39
10	91
10	296
100	20
100	19
100	23
100	24
100	26
100	21
100	22
100	28
100	48
100	30
100	39
100	38
100	25
100	27
100	101
101	100
101	24
101	30
101	28
101	103
101	165
101	26
102	25
102	22
102	29
102	31
102	130
102	21
102	128
102	27
102	94
102	89
102	202
103	24
103	30
103	28
103	101
103	26
103	165
104	24
104	105
104	48
104	30
104	106
104	28
104	26
105	24
105	106
105	48
105	104
106	24
106	105
106	48
106	104
107	24
107	33
107	59
108	24
108	153
108	81
108	88
108	109
108	79
108	96
108	33
108	80
108	192
109	24
109	153
109	108
109	81
109	88
109	79
109	96
109	33
11	9
11	34
11	10
11	2
11	36
11	12
11	6
11	13
11	35
11	97
11	124
11	37
110	111
111	110
112	22
112	29
112	94
112	31
112	200
112	129
112	89
112	27
112	21
112	128
113	114
113	47
114	113
114	137
114	156
114	47
114	83
114	46
114	38
114	50
114	186
115	97
115	98
115	226
115	242
115	118
115	117
116	97
116	98
116	164
116	191
117	97
117	131
117	98
117	164
117	183
117	118
117	8
117	119
117	115
118	97
118	98
118	178
118	183
118	228
118	214
118	204
118	245
118	8
118	119
118	180
118	247
118	115
118	205
118	248
118	117
118	258
118	264
118	203
118	215
119	97
119	98
119	183
119	8
119	118
119	247
119	117
12	9
12	34
12	10
12	38
12	2
12	36
12	11
12	35
12	45
12	56
12	13
12	91
120	97
120	98
120	201
120	163
121	99
121	122
121	124
121	138
121	125
121	126
121	243
122	121
122	126
122	99
122	243
123	83
123	46
123	47
123	50
124	125
124	99
124	126
124	121
124	35
124	127
124	11
125	124
125	121
125	99
125	126
126	124
126	127
126	99
126	121
126	122
126	125
126	243
126	134
127	124
127	99
127	134
127	171
127	133
127	136
127	170
127	135
127	141
127	197
127	126
127	198
127	142
127	143
127	299
128	31
128	29
128	89
128	166
128	167
128	195
128	112
128	27
128	94
128	202
128	279
128	285
128	102
128	280
129	31
129	29
129	89
129	112
129	200
129	94
13	9
13	34
13	10
13	11
13	35
13	37
13	12
130	31
130	29
130	94
130	102
131	117
131	132
131	98
132	131
132	246
133	99
133	134
133	135
133	136
133	170
133	127
133	171
134	133
134	140
134	170
134	135
134	99
134	196
134	127
134	199
134	141
134	142
134	143
134	171
134	136
134	126
134	253
134	254
134	255
134	290
134	299
135	133
135	170
135	134
135	99
135	127
135	141
135	171
135	136
136	133
136	127
136	171
136	99
136	134
136	135
136	197
136	198
137	47
137	114
137	83
137	46
137	50
138	139
138	121
139	138
14	15
14	16
14	17
14	18
14	60
14	65
14	66
14	70
14	95
14	68
140	141
140	142
140	143
140	134
140	199
141	140
141	170
141	127
141	199
141	134
141	99
141	142
141	143
141	135
141	171
141	290
142	140
142	170
142	127
142	199
142	141
142	134
142	99
142	143
142	290
143	140
143	170
143	127
143	199
143	141
143	142
143	134
143	99
143	290
144	145
144	146
144	147
144	148
144	149
144	172
144	174
144	173
144	221
145	144
145	172
145	174
145	96
145	146
145	193
145	147
145	7
145	149
145	194
145	173
145	221
145	148
145	57
145	82
146	144
146	147
146	149
146	172
146	174
146	145
146	173
146	221
146	148
147	144
147	158
147	149
147	146
147	172
147	174
147	145
147	159
147	160
147	7
147	8
147	173
147	175
147	184
147	161
147	252
147	57
147	73
147	258
147	162
147	82
148	144
148	174
148	173
148	221
148	145
148	96
148	193
148	146
148	57
149	144
149	158
149	147
149	159
149	160
149	161
149	162
149	146
149	172
149	174
149	145
149	173
149	175
149	57
15	14
15	18
15	60
15	16
15	65
15	67
15	71
15	66
15	70
15	95
15	17
15	68
15	268
15	269
15	288
150	38
150	39
150	2
150	49
150	44
150	48
150	151
150	24
150	152
150	36
150	28
151	150
151	39
151	38
151	49
151	44
151	2
151	48
151	24
151	152
151	28
151	36
152	150
152	151
152	38
152	2
152	36
152	39
152	49
152	10
152	48
152	24
152	185
153	108
153	81
153	109
153	88
153	79
153	96
154	155
154	156
154	157
155	154
155	157
155	156
156	154
156	155
156	114
157	154
157	155
157	96
157	88
158	147
158	159
158	160
158	149
158	172
158	175
159	158
159	149
159	172
159	160
159	147
159	175
159	161
159	57
159	162
16	14
16	18
16	60
16	15
16	65
16	70
160	158
160	149
160	172
160	159
160	147
160	175
160	161
160	252
160	57
160	162
161	149
161	172
161	175
161	147
161	162
161	160
161	159
161	7
161	252
161	57
161	258
161	82
162	149
162	172
162	175
162	184
162	161
162	252
162	57
162	147
162	160
162	159
162	7
162	82
163	98
163	201
163	120
164	97
164	98
164	116
164	117
164	191
164	251
165	30
165	101
165	26
165	103
165	28
166	29
166	128
166	167
166	195
166	202
166	285
166	280
167	29
167	128
167	166
167	202
167	285
167	280
168	169
169	168
17	14
17	95
17	15
17	68
170	134
170	99
170	135
170	171
170	133
170	141
170	142
170	143
170	127
170	299
171	170
171	127
171	141
171	99
171	134
171	133
171	136
171	135
171	299
172	147
172	149
172	173
172	144
172	159
172	174
172	145
172	146
172	175
172	57
172	160
172	161
172	176
172	158
172	177
172	162
173	172
173	174
173	144
173	145
173	146
173	147
173	148
173	149
173	96
173	221
174	172
174	173
174	144
174	145
174	146
174	147
174	148
174	149
174	221
175	172
175	147
175	149
175	159
175	158
175	160
175	57
175	161
175	162
176	172
176	177
177	172
177	176
178	8
178	118
178	7
178	6
178	179
178	180
178	181
178	182
178	183
178	184
178	245
179	178
179	57
179	7
179	184
179	240
179	82
18	14
18	16
18	15
18	60
18	65
180	178
180	245
180	118
181	178
181	182
182	178
182	181
183	178
183	118
183	8
183	98
183	117
183	97
183	203
183	204
183	119
183	205
183	228
183	248
183	258
183	264
183	298
184	178
184	239
184	240
184	241
184	7
184	244
184	147
184	162
184	57
184	179
184	82
185	152
185	38
185	2
186	114
187	188
187	189
187	190
187	266
187	292
188	187
189	187
189	292
19	20
19	21
19	22
19	23
19	24
19	25
19	26
19	27
19	28
19	29
19	30
19	31
19	32
19	33
19	64
19	100
190	187
190	292
191	164
191	97
191	116
191	98
192	79
192	81
192	108
193	145
193	221
193	148
193	57
193	82
193	194
193	96
194	145
194	57
194	82
194	257
194	7
194	193
194	289
194	297
195	128
195	166
195	202
195	285
195	280
196	134
196	253
196	254
196	255
197	127
197	136
197	99
198	127
198	136
198	99
199	142
199	143
199	134
199	141
199	99
199	140
2	0
2	34
2	38
2	36
2	10
2	1
2	12
2	39
2	9
2	54
2	45
2	3
2	11
2	48
2	49
2	4
2	55
2	5
2	44
2	28
2	56
2	57
2	65
2	66
2	72
2	35
2	24
2	68
2	150
2	69
2	151
2	152
2	185
2	26
2	73
2	258
2	261
2	74
2	75
2	82
20	19
20	21
20	22
20	24
20	23
20	27
20	25
20	26
20	29
20	28
20	31
20	30
20	92
20	32
20	33
20	38
20	93
20	89
20	39
20	80
20	94
20	100
200	112
200	129
200	29
200	89
200	31
200	94
201	98
201	120
201	163
201	97
201	6
202	94
202	128
202	166
202	167
202	29
202	31
202	195
202	279
202	285
202	102
202	280
203	183
203	213
203	228
203	258
203	264
203	233
203	217
203	214
203	8
203	205
203	118
203	259
203	204
203	215
204	183
204	213
204	228
204	214
204	8
204	231
204	118
204	205
204	234
204	7
204	232
204	229
204	230
204	264
204	265
204	233
204	217
204	203
204	215
205	183
205	213
205	209
205	227
205	214
205	204
205	118
205	208
205	236
205	8
205	264
205	233
205	217
205	203
205	215
206	207
206	208
206	209
206	210
206	211
206	212
206	218
206	219
207	206
207	218
207	209
207	227
207	211
207	219
207	210
207	208
207	220
207	212
208	206
208	218
208	209
208	227
208	211
208	219
208	207
208	210
208	212
208	205
208	220
208	225
209	206
209	218
209	208
209	207
209	210
209	220
209	212
209	211
209	227
209	205
209	219
209	225
21	19
21	29
21	31
21	89
21	23
21	28
21	20
21	100
21	25
21	24
21	22
21	112
21	27
21	94
21	26
21	102
210	206
210	218
210	209
210	211
210	219
210	207
210	208
210	220
210	212
211	206
211	218
211	209
211	207
211	210
211	208
211	219
212	206
212	209
212	208
212	220
212	207
212	210
212	225
212	223
212	300
213	214
213	205
213	203
213	215
213	204
213	216
213	217
213	264
214	213
214	228
214	204
214	8
214	205
214	118
214	229
214	264
214	217
214	203
214	215
215	213
215	228
215	264
215	233
215	217
215	203
215	214
215	8
215	204
215	205
215	118
215	259
216	213
217	213
217	228
217	229
217	264
217	233
217	204
217	203
217	215
217	214
217	265
217	205
218	207
218	208
218	209
218	219
218	210
218	206
218	211
218	220
219	218
219	207
219	208
219	210
219	209
219	206
219	211
22	19
22	20
22	100
22	25
22	24
22	21
22	27
22	29
22	31
22	94
22	102
22	89
22	26
22	23
22	28
22	112
220	218
220	209
220	208
220	207
220	212
220	210
221	145
221	148
221	96
221	57
221	144
221	146
221	173
221	222
221	174
221	223
221	224
221	225
221	193
221	82
222	221
223	221
223	225
223	212
224	221
225	221
225	212
225	208
225	209
225	223
226	97
226	115
226	98
226	242
227	209
227	205
227	208
227	207
227	236
228	204
228	229
228	230
228	231
228	217
228	183
228	8
228	118
228	232
228	233
228	214
228	234
228	7
228	215
228	203
228	264
229	228
229	204
229	231
229	230
229	232
229	234
229	217
229	7
229	214
229	264
229	233
23	19
23	21
23	20
23	100
23	22
230	228
230	232
230	229
230	204
230	8
230	7
230	231
230	234
231	228
231	204
231	232
231	229
231	230
232	228
232	204
232	230
232	231
232	229
233	228
233	264
233	204
233	265
233	217
233	203
233	215
233	229
233	205
234	228
234	7
234	204
234	229
234	230
235	7
236	227
236	205
236	291
237	8
237	258
238	8
238	298
239	184
239	7
239	240
239	241
24	19
24	34
24	61
24	20
24	100
24	25
24	26
24	33
24	48
24	28
24	30
24	39
24	38
24	80
24	59
24	63
24	79
24	103
24	104
24	81
24	101
24	105
24	2
24	36
24	78
24	77
24	88
24	92
24	21
24	106
24	49
24	22
24	10
24	93
24	107
24	44
24	27
24	31
24	58
24	29
24	108
24	96
24	62
24	35
24	109
24	150
24	151
24	152
240	239
240	7
240	184
240	241
240	179
241	239
241	240
241	184
241	7
242	226
242	97
242	115
242	98
243	126
243	99
243	121
243	122
244	7
244	184
245	178
245	118
245	7
245	8
245	180
246	132
247	118
247	119
248	118
248	183
248	8
249	250
25	19
25	20
25	100
25	21
25	22
25	27
25	29
25	31
25	24
25	26
25	102
25	94
250	249
251	98
251	97
251	164
252	57
252	147
252	160
252	161
252	162
253	254
253	134
253	255
253	196
254	253
254	134
254	255
254	196
255	253
255	254
255	134
255	196
256	57
256	260
256	82
257	57
257	194
257	289
258	8
258	57
258	118
258	82
258	183
258	147
258	7
258	74
258	75
258	259
258	73
258	161
258	237
258	203
258	2
258	264
259	258
259	264
259	203
259	215
26	19
26	20
26	100
26	25
26	24
26	22
26	27
26	28
26	30
26	103
26	101
26	33
26	48
26	39
26	38
26	92
26	93
26	21
26	79
26	165
26	80
26	31
26	29
26	2
26	81
26	104
26	49
260	256
260	82
261	74
261	82
261	75
261	2
261	73
262	8
262	263
263	262
264	203
264	215
264	214
264	217
264	8
264	259
264	205
264	213
264	204
264	118
264	183
264	233
264	228
264	258
264	265
264	229
265	264
265	204
265	233
265	217
266	187
267	94
267	89
267	29
268	15
268	269
268	288
269	268
269	15
269	288
27	19
27	20
27	100
27	25
27	24
27	22
27	112
27	21
27	29
27	31
27	94
27	89
27	26
27	128
27	102
270	271
270	272
270	284
271	270
271	277
271	278
271	284
271	287
271	272
272	270
272	277
272	278
272	284
272	287
272	271
273	274
273	281
273	286
274	273
275	276
275	279
276	275
276	279
277	271
277	272
277	278
277	287
278	277
278	272
278	271
278	287
279	275
279	276
279	128
279	202
279	280
28	19
28	38
28	2
28	21
28	20
28	100
28	24
28	33
28	22
28	48
28	150
28	30
28	151
28	104
28	103
28	49
28	101
28	39
28	26
28	92
28	165
28	93
280	279
280	128
280	202
280	167
280	166
280	29
280	285
280	31
280	195
281	273
282	283
283	282
284	270
284	271
284	272
285	128
285	202
285	166
285	167
285	195
285	280
286	273
287	272
287	271
287	277
287	278
288	15
288	268
288	269
289	194
289	257
289	57
29	19
29	21
29	20
29	25
29	24
29	22
29	31
29	89
29	128
29	129
29	130
29	166
29	167
29	112
29	200
29	27
29	94
29	26
29	202
29	267
29	102
29	280
290	134
290	141
290	142
290	143
290	99
291	236
292	187
292	189
292	190
293	294
293	295
294	293
294	295
295	293
295	294
296	10
296	7
297	57
297	194
298	8
298	183
298	238
299	99
299	127
299	134
299	171
299	170
3	0
3	4
3	2
3	65
3	67
3	71
3	66
3	72
3	1
3	68
3	69
3	76
3	73
3	74
3	75
30	19
30	20
30	100
30	24
30	28
30	103
30	101
30	48
30	33
30	93
30	165
30	39
30	104
30	26
30	92
300	212
31	19
31	21
31	20
31	25
31	24
31	22
31	29
31	89
31	128
31	129
31	130
31	112
31	200
31	27
31	94
31	26
31	202
31	102
31	280
32	19
32	64
32	20
33	19
33	58
33	61
33	77
33	63
33	20
33	81
33	24
33	78
33	62
33	59
33	80
33	79
33	88
33	28
33	30
33	108
33	96
33	109
33	26
33	107
34	9
34	10
34	35
34	11
34	36
34	12
34	2
34	13
34	37
34	38
34	6
34	39
34	24
34	40
35	34
35	11
35	10
35	9
35	36
35	12
35	37
35	6
35	2
35	38
35	13
35	97
35	98
35	99
35	39
35	24
35	124
36	34
36	38
36	2
36	66
36	10
36	12
36	9
36	11
36	45
36	39
36	91
36	1
36	48
36	55
36	7
36	6
36	44
36	49
36	35
36	24
36	68
36	150
36	56
36	151
36	152
37	34
37	35
37	11
37	9
37	10
37	6
37	13
38	34
38	36
38	2
38	39
38	10
38	46
38	47
38	48
38	41
38	44
38	42
38	49
38	9
38	50
38	28
38	43
38	12
38	66
38	20
38	35
38	100
38	24
38	83
38	150
38	151
38	152
38	114
38	185
38	26
39	34
39	38
39	2
39	36
39	20
39	35
39	100
39	24
39	150
39	30
39	151
39	152
39	48
39	44
39	49
39	28
39	10
39	9
39	26
4	0
4	3
4	1
4	41
4	42
4	43
4	2
4	65
4	66
4	68
4	69
4	84
40	34
40	9
41	4
41	38
41	66
41	42
41	83
41	43
41	46
41	47
42	4
42	38
42	66
42	41
42	83
42	43
42	46
42	47
43	4
43	38
43	66
43	41
43	42
44	10
44	38
44	2
44	36
44	24
44	48
44	150
44	151
44	49
44	39
45	10
45	2
45	36
45	55
45	12
46	38
46	66
46	83
46	137
46	47
46	50
46	41
46	42
46	123
46	114
47	38
47	66
47	113
47	83
47	137
47	46
47	114
47	123
47	50
47	42
47	41
48	38
48	2
48	36
48	100
48	24
48	105
48	104
48	28
48	49
48	44
48	106
48	10
48	150
48	30
48	151
48	152
48	39
48	26
49	38
49	2
49	36
49	24
49	48
49	150
49	151
49	152
49	44
49	28
49	39
49	26
5	0
5	2
5	65
5	66
5	1
5	68
5	69
50	38
50	83
50	137
50	46
50	114
50	123
50	47
51	52
51	53
51	85
52	51
52	85
52	53
53	51
53	85
53	86
53	52
53	87
53	90
54	2
54	66
54	1
54	73
54	74
54	75
55	2
55	36
55	45
56	2
56	10
56	12
56	36
57	2
57	172
57	175
57	221
57	252
57	147
57	7
57	161
57	162
57	145
57	194
57	160
57	184
57	6
57	149
57	8
57	256
57	96
57	159
57	193
57	148
57	257
57	179
57	73
57	258
57	74
57	75
57	82
57	289
57	297
58	33
58	59
58	63
58	24
59	58
59	61
59	63
59	80
59	24
59	62
59	33
59	107
6	7
6	8
6	9
6	34
6	10
6	36
6	11
6	35
6	97
6	98
6	178
6	37
6	201
6	57
6	82
60	16
60	18
60	15
60	14
60	65
61	24
61	33
61	59
61	62
61	63
62	61
62	24
62	33
62	59
63	61
63	33
63	59
63	58
63	24
64	32
64	19
65	3
65	66
65	67
65	68
65	69
65	15
65	70
65	71
65	72
65	2
65	1
65	73
65	4
65	74
65	0
65	16
65	60
65	18
65	75
65	76
65	14
65	5
66	65
66	2
66	1
66	3
66	4
66	72
66	73
66	42
66	41
66	74
66	38
66	75
66	0
66	36
66	43
66	10
66	5
66	46
66	47
66	82
66	83
66	84
66	14
66	54
66	15
66	67
66	68
66	69
67	65
67	15
67	3
67	71
67	66
67	70
67	68
67	69
68	65
68	66
68	3
68	1
68	2
68	69
68	4
68	0
68	73
68	72
68	14
68	74
68	15
68	36
68	75
68	95
68	17
68	10
68	5
68	84
68	76
68	67
68	71
68	82
69	65
69	68
69	3
69	66
69	2
69	1
69	72
69	4
69	0
69	76
69	67
69	73
69	5
69	74
7	6
7	10
7	36
7	178
7	145
7	147
7	228
7	235
7	8
7	239
7	244
7	234
7	204
7	245
7	240
7	229
7	230
7	241
7	184
7	161
7	57
7	258
7	162
7	179
7	82
7	194
7	296
70	65
70	15
70	67
70	71
70	16
70	14
71	65
71	67
71	15
71	3
71	70
71	68
72	65
72	66
72	3
72	2
72	1
72	68
72	69
73	65
73	66
73	68
73	69
73	2
73	54
73	1
73	57
73	3
73	147
73	258
73	261
73	74
73	75
73	82
74	65
74	66
74	68
74	69
74	258
74	261
74	75
74	73
74	2
74	1
74	57
74	3
74	54
74	82
75	65
75	66
75	68
75	258
75	261
75	74
75	73
75	2
75	1
75	54
75	57
75	3
75	82
76	65
76	68
76	69
76	3
77	78
77	79
77	80
77	81
77	33
77	24
78	77
78	81
78	24
78	79
78	80
78	33
79	77
79	88
79	80
79	81
79	24
79	78
79	33
79	153
79	108
79	96
79	192
79	109
79	26
8	6
8	97
8	98
8	178
8	147
8	183
8	228
8	7
8	237
8	119
8	238
8	214
8	204
8	245
8	118
8	248
8	230
8	117
8	205
8	57
8	258
8	262
8	264
8	203
8	215
8	298
80	77
80	79
80	59
80	20
80	88
80	81
80	24
80	78
80	33
80	108
80	26
81	77
81	79
81	88
81	33
81	80
81	96
81	78
81	24
81	153
81	108
81	192
81	109
81	26
82	66
82	68
82	221
82	258
82	261
82	7
82	57
82	184
82	74
82	256
82	147
82	6
82	75
82	2
82	73
82	179
82	145
82	194
82	260
82	161
82	162
82	1
82	96
82	193
83	66
83	47
83	46
83	38
83	50
83	41
83	123
83	42
83	137
83	114
84	66
84	68
84	4
85	52
85	51
85	53
86	53
86	87
87	86
87	53
88	79
88	80
88	81
88	24
88	33
88	153
88	108
88	96
88	157
88	109
89	21
89	20
89	22
89	31
89	29
89	129
89	128
89	112
89	200
89	27
89	94
89	267
89	102
9	10
9	11
9	12
9	13
9	6
9	34
9	38
9	2
9	36
9	35
9	40
9	37
9	39
90	53
91	36
91	12
91	10
92	20
92	24
92	26
92	93
92	28
92	30
93	20
93	24
93	30
93	26
93	92
93	28
94	20
94	25
94	22
94	112
94	27
94	29
94	89
94	31
94	200
94	129
94	21
94	128
94	130
94	202
94	267
94	102
95	14
95	17
95	15
95	68
96	81
96	24
96	153
96	108
96	88
96	79
96	157
96	33
96	145
96	173
96	109
96	221
96	148
96	57
96	82
96	193
97	35
97	98
97	115
97	116
97	117
97	6
97	118
97	8
97	119
97	120
97	11
97	164
97	191
97	201
97	183
97	226
97	242
97	251
98	35
98	97
98	131
98	117
98	115
98	116
98	118
98	6
98	120
98	8
98	163
98	119
98	164
98	191
98	201
98	183
98	226
98	242
98	251
99	35
99	121
99	124
99	133
99	170
99	135
99	134
99	127
99	125
99	199
99	141
99	142
99	143
99	171
99	136
99	126
99	122
99	197
99	243
99	290
99	198
99	299
