1	139
1	164
1	172
1	179
1	187
1	193
1	194
2	123
2	156
2	157
2	164
2	179
2	183
2	189
3	162
3	184
3	187
3	188
3	189
3	190
3	197
4	41
4	98
4	162
4	188
4	189
4	190
4	191
5	33
5	115
5	173
5	176
5	193
5	196
5	198
6	17
6	124
6	193
6	195
6	197
6	198
6	200
7	39
7	64
7	87
7	142
7	173
7	180
7	196
8	112
8	116
8	117
8	124
8	148
8	163
8	167
9	45
9	51
9	113
9	181
9	183
9	186
9	194
10	115
10	116
10	163
10	173
10	174
10	185
10	196
11	24
11	39
11	155
11	164
11	170
11	174
11	199
12	21
12	58
12	92
12	108
12	119
12	181
12	191
13	104
13	154
13	184
13	186
13	188
13	190
13	191
14	42
14	105
14	155
14	172
14	188
14	190
14	191
15	120
15	147
15	152
15	156
15	168
15	171
15	186
16	40
16	98
16	136
16	142
16	175
16	177
16	184
17	6
17	49
17	77
17	107
17	127
17	174
17	183
18	33
18	72
18	91
18	93
18	141
18	163
18	196
19	56
19	97
19	141
19	146
19	175
19	188
19	189
20	25
20	69
20	129
20	160
20	168
20	171
20	186
21	12
21	126
21	137
21	157
21	167
21	183
21	187
22	135
22	153
22	160
22	161
22	182
22	186
22	196
23	61
23	120
23	141
23	145
23	146
23	151
23	200
24	11
24	26
24	54
24	58
24	142
24	174
24	187
25	20
25	120
25	135
25	152
25	169
25	186
25	197
26	24
26	107
26	179
26	181
26	190
26	194
26	200
27	75
27	153
27	155
27	161
27	168
27	186
27	200
28	48
28	49
28	148
28	161
28	171
28	186
28	190
29	96
29	100
29	117
29	136
29	138
29	173
29	196
30	88
30	152
30	153
30	157
30	168
30	186
30	191
31	49
31	61
31	74
31	129
31	179
31	181
31	187
32	86
32	87
32	149
32	166
32	173
32	183
32	196
33	5
33	18
33	104
33	114
33	149
33	156
33	194
34	142
34	143
34	152
34	193
34	197
34	198
34	199
34	200
35	40
35	50
35	119
35	192
35	193
35	195
35	197
35	200
36	91
36	108
36	129
36	174
36	181
36	190
36	194
36	198
37	55
37	74
37	79
37	108
37	155
37	181
37	187
37	194
38	65
38	140
38	183
38	192
38	195
38	197
38	198
38	199
39	7
39	11
39	91
39	103
39	132
39	151
39	167
39	196
40	16
40	35
40	44
40	109
40	130
40	135
40	148
40	171
41	4
41	52
41	111
41	118
41	142
41	147
41	178
41	190
42	14
42	73
42	99
42	112
42	139
42	157
42	187
42	194
43	78
43	122
43	164
43	192
43	193
43	197
43	199
43	200
44	40
44	85
44	145
44	153
44	161
44	168
44	186
44	198
45	9
45	56
45	60
45	96
45	141
45	145
45	178
45	197
46	77
46	126
46	158
46	165
46	182
46	185
46	197
46	198
46	199
47	68
47	137
47	150
47	180
47	184
47	188
47	189
47	190
47	191
48	28
48	116
48	169
48	171
48	193
48	195
48	198
48	199
48	200
49	17
49	28
49	31
49	126
49	181
49	183
49	187
49	194
49	199
50	35
50	150
50	160
50	178
50	185
50	192
50	195
50	198
50	200
51	9
51	124
51	130
51	156
51	170
51	181
51	187
51	194
51	195
52	41
52	148
52	173
52	192
52	193
52	195
52	197
52	198
52	200
53	85
53	94
53	110
53	148
53	160
53	161
53	165
53	186
53	193
54	24
54	92
54	169
54	170
54	175
54	179
54	183
54	185
54	194
55	37
55	92
55	95
55	144
55	179
55	181
55	182
55	187
55	194
56	19
56	45
56	69
56	111
56	132
56	158
56	177
56	178
56	196
57	66
57	152
57	153
57	168
57	171
57	179
57	184
57	186
57	187
58	12
58	24
58	167
58	169
58	192
58	195
58	198
58	199
58	200
59	86
59	101
59	112
59	117
59	119
59	163
59	176
59	183
59	196
60	45
60	68
60	81
60	84
60	97
60	153
60	178
60	180
60	184
61	23
61	31
61	81
61	84
61	106
61	146
61	147
61	190
61	193
62	81
62	111
62	118
62	133
62	141
62	158
62	178
62	187
62	199
63	88
63	89
63	103
63	130
63	148
63	152
63	161
63	168
63	186
64	7
64	72
64	87
64	101
64	116
64	154
64	183
64	191
64	196
65	38
65	154
65	155
65	162
65	175
65	184
65	188
65	189
65	191
66	57
66	78
66	97
66	118
66	150
66	151
66	158
66	172
66	175
66	178
67	114
67	172
67	176
67	180
67	188
67	189
67	190
67	191
67	195
67	199
68	47
68	60
68	142
68	151
68	158
68	170
68	175
68	177
68	178
68	187
69	20
69	56
69	72
69	73
69	78
69	84
69	97
69	134
69	177
69	178
70	91
70	159
70	177
70	180
70	185
70	192
70	193
70	197
70	199
70	200
71	138
71	140
71	163
71	176
71	184
71	188
71	189
71	190
71	191
71	196
72	18
72	64
72	69
72	91
72	104
72	112
72	136
72	167
72	182
72	196
73	42
73	69
73	96
73	182
73	185
73	192
73	195
73	197
73	199
73	200
74	31
74	37
74	145
74	192
74	193
74	195
74	197
74	198
74	199
74	200
75	27
75	88
75	105
75	130
75	152
75	161
75	169
75	171
75	178
75	186
76	82
76	172
76	175
76	176
76	178
76	180
76	188
76	189
76	190
76	191
77	17
77	46
77	113
77	119
77	129
77	164
77	174
77	181
77	190
77	200
78	43
78	66
78	69
78	134
78	138
78	146
78	147
78	158
78	160
78	175
78	178
79	37
79	128
79	137
79	149
79	154
79	172
79	180
79	181
79	188
79	189
79	190
80	92
80	119
80	120
80	124
80	164
80	170
80	179
80	183
80	187
80	194
80	197
81	60
81	61
81	62
81	106
81	130
81	158
81	164
81	169
81	174
81	175
81	178
82	76
82	109
82	128
82	182
82	185
82	186
82	195
82	197
82	198
82	199
82	200
83	93
83	140
83	142
83	164
83	180
83	188
83	189
83	190
83	191
83	192
83	198
84	60
84	61
84	69
84	95
84	145
84	151
84	158
84	161
84	163
84	175
84	178
85	44
85	53
85	99
85	147
85	153
85	160
85	161
85	168
85	181
85	186
85	192
86	32
86	59
86	112
86	114
86	136
86	141
86	143
86	150
86	173
86	194
86	196
87	7
87	32
87	64
87	104
87	106
87	114
87	116
87	165
87	167
87	191
87	196
88	30
88	63
88	75
88	94
88	149
88	152
88	160
88	171
88	172
88	186
88	197
89	63
89	107
89	113
89	124
89	155
89	165
89	170
89	179
89	185
89	187
89	194
90	137
90	149
90	150
90	156
90	162
90	166
90	180
90	184
90	189
90	190
90	191
91	18
91	36
91	39
91	70
91	72
91	136
91	149
91	150
91	167
91	181
91	182
91	196
92	12
92	54
92	55
92	80
92	97
92	134
92	156
92	162
92	179
92	183
92	187
92	188
93	18
93	83
93	154
93	163
93	166
93	180
93	182
93	184
93	188
93	189
93	190
93	191
94	53
94	88
94	106
94	107
94	135
94	144
94	152
94	153
94	160
94	161
94	171
94	186
95	55
95	84
95	105
95	108
95	123
95	139
95	156
95	157
95	164
95	179
95	181
95	187
96	29
96	45
96	73
96	128
96	166
96	176
96	180
96	184
96	188
96	190
96	191
96	198
97	19
97	60
97	66
97	69
97	92
97	98
97	118
97	147
97	175
97	177
97	178
97	199
98	4
98	16
98	97
98	134
98	141
98	147
98	151
98	158
98	171
98	175
98	177
98	200
99	42
99	85
99	113
99	124
99	129
99	151
99	164
99	174
99	179
99	181
99	183
99	194
99	195
100	29
100	101
100	104
100	114
100	116
100	132
100	140
100	158
100	159
100	163
100	167
100	193
100	196
101	59
101	64
101	100
101	102
101	103
101	112
101	115
101	130
101	150
101	165
101	173
101	181
101	196
102	101
102	138
102	141
102	158
102	169
102	182
102	186
102	192
102	193
102	195
102	198
102	199
102	200
103	39
103	63
103	101
103	104
103	115
103	122
103	140
103	152
103	163
103	167
103	173
103	196
103	200
104	13
104	33
104	72
104	87
104	100
104	103
104	122
104	136
104	139
104	163
104	177
104	196
104	197
105	14
105	75
105	95
105	165
105	166
105	172
105	184
105	188
105	189
105	190
105	191
105	192
105	199
106	61
106	81
106	87
106	94
106	134
106	142
106	147
106	151
106	175
106	177
106	178
106	179
106	191
107	17
107	26
107	89
107	94
107	119
107	139
107	171
107	172
107	179
107	181
107	183
107	185
107	194
108	12
108	36
108	37
108	95
108	157
108	161
108	166
108	170
108	180
108	181
108	183
108	186
108	187
109	40
109	82
109	125
109	140
109	159
109	170
109	179
109	182
109	185
109	195
109	197
109	198
109	199
109	200
110	53
110	140
110	143
110	166
110	170
110	172
110	176
110	180
110	184
110	188
110	189
110	190
110	191
110	196
111	41
111	56
111	62
111	117
111	121
111	141
111	142
111	145
111	146
111	151
111	177
111	178
111	184
111	192
112	8
112	42
112	59
112	72
112	86
112	101
112	136
112	149
112	150
112	164
112	167
112	195
112	196
112	197
113	9
113	77
113	89
113	99
113	124
113	131
113	139
113	143
113	164
113	179
113	184
113	185
113	187
113	189
114	33
114	67
114	86
114	87
114	100
114	115
114	117
114	125
114	132
114	137
114	150
114	163
114	193
114	196
115	5
115	10
115	101
115	103
115	114
115	132
115	144
115	150
115	167
115	173
115	194
115	196
115	199
115	200
116	8
116	10
116	48
116	64
116	87
116	100
116	117
116	149
116	159
116	163
116	167
116	174
116	181
116	196
117	8
117	29
117	59
117	111
117	114
117	116
117	122
117	131
117	132
117	135
117	144
117	167
117	173
117	196
118	41
118	62
118	66
118	97
118	134
118	139
118	147
118	151
118	152
118	161
118	175
118	177
118	178
118	194
119	12
119	35
119	59
119	77
119	80
119	107
119	124
119	129
119	144
119	157
119	174
119	178
119	183
119	194
120	15
120	23
120	25
120	80
120	130
120	135
120	136
120	148
120	153
120	160
120	166
120	168
120	171
120	186
121	111
121	138
121	165
121	170
121	182
121	185
121	187
121	188
121	193
121	194
121	197
121	198
121	199
121	200
122	43
122	103
122	104
122	117
122	132
122	149
122	150
122	151
122	163
122	173
122	186
122	190
122	194
122	196
123	2
123	95
123	159
123	161
123	169
123	182
123	185
123	192
123	193
123	195
123	196
123	197
123	198
123	199
124	6
124	8
124	51
124	80
124	89
124	99
124	113
124	119
124	169
124	174
124	177
124	183
124	187
124	194
125	109
125	114
125	143
125	153
125	162
125	165
125	173
125	192
125	193
125	194
125	195
125	197
125	198
125	199
125	200
126	21
126	46
126	49
126	131
126	155
126	156
126	157
126	164
126	177
126	179
126	181
126	187
126	192
126	194
126	199
127	17
127	131
127	140
127	141
127	165
127	181
127	182
127	185
127	192
127	193
127	195
127	197
127	198
127	199
127	200
128	79
128	82
128	96
128	140
128	166
128	168
128	172
128	176
128	184
128	188
128	189
128	190
128	191
128	194
128	198
129	20
129	31
129	36
129	77
129	99
129	119
129	135
129	155
129	156
129	168
129	174
129	179
129	190
129	193
129	194
130	40
130	51
130	63
130	75
130	81
130	101
130	120
130	135
130	148
130	153
130	161
130	171
130	180
130	186
130	198
131	113
131	117
131	126
131	127
131	143
131	159
131	169
131	182
131	183
131	185
131	195
131	197
131	198
131	199
131	200
132	39
132	56
132	100
132	114
132	115
132	117
132	122
132	136
132	145
132	149
132	150
132	161
132	162
132	163
132	196
133	62
133	136
133	138
133	144
133	163
133	165
133	182
133	183
133	185
133	192
133	193
133	195
133	197
133	199
133	200
134	69
134	78
134	92
134	98
134	106
134	118
134	141
134	145
134	146
134	147
134	151
134	158
134	166
134	179
134	192
134	196
135	22
135	25
135	40
135	94
135	117
135	120
135	129
135	130
135	152
135	160
135	167
135	168
135	171
135	175
135	186
135	198
136	16
136	29
136	72
136	86
136	91
136	104
136	112
136	120
136	132
136	133
136	149
136	156
136	167
136	173
136	196
136	197
137	21
137	47
137	79
137	90
137	114
137	157
137	159
137	172
137	176
137	180
137	184
137	185
137	188
137	189
137	190
137	191
138	29
138	71
138	78
138	102
138	121
138	133
138	143
138	164
138	178
138	185
138	192
138	193
138	197
138	198
138	199
138	200
139	1
139	42
139	95
139	104
139	107
139	113
139	118
139	148
139	155
139	157
139	170
139	174
139	183
139	187
139	190
139	194
139	197
140	38
140	71
140	83
140	100
140	103
140	109
140	110
140	127
140	128
140	162
140	176
140	180
140	184
140	188
140	189
140	190
140	191
141	18
141	19
141	23
141	45
141	62
141	86
141	98
141	102
141	111
141	127
141	134
141	145
141	146
141	158
141	177
141	178
141	186
142	7
142	16
142	24
142	34
142	41
142	68
142	83
142	106
142	111
142	145
142	146
142	147
142	151
142	158
142	175
142	177
142	189
143	34
143	86
143	110
143	113
143	125
143	131
143	138
143	158
143	166
143	169
143	185
143	192
143	193
143	195
143	198
143	199
143	200
144	55
144	94
144	115
144	117
144	119
144	133
144	159
144	165
144	182
144	185
144	192
144	193
144	195
144	197
144	198
144	199
144	200
145	23
145	44
145	45
145	74
145	84
145	111
145	132
145	134
145	141
145	142
145	146
145	147
145	159
145	175
145	177
145	178
145	184
146	19
146	23
146	61
146	78
146	111
146	134
146	141
146	142
146	145
146	153
146	157
146	158
146	177
146	178
146	189
146	192
146	200
147	15
147	41
147	61
147	78
147	85
147	97
147	98
147	106
147	118
147	134
147	142
147	145
147	158
147	175
147	177
147	183
147	191
147	198
148	8
148	28
148	40
148	52
148	53
148	63
148	120
148	130
148	139
148	151
148	152
148	153
148	155
148	160
148	168
148	171
148	173
148	186
149	32
149	33
149	79
149	88
149	90
149	91
149	112
149	116
149	122
149	132
149	136
149	150
149	163
149	167
149	173
149	181
149	196
149	198
150	47
150	50
150	66
150	86
150	90
150	91
150	101
150	112
150	114
150	115
150	122
150	132
150	149
150	154
150	155
150	163
150	173
150	196
151	23
151	39
151	66
151	68
151	84
151	98
151	99
151	106
151	111
151	118
151	122
151	134
151	142
151	148
151	175
151	177
151	178
151	189
151	197
152	15
152	25
152	30
152	34
152	57
152	63
152	75
152	88
152	94
152	103
152	118
152	135
152	148
152	160
152	161
152	162
152	171
152	186
152	188
153	22
153	27
153	30
153	44
153	57
153	60
153	85
153	94
153	120
153	125
153	130
153	146
153	148
153	160
153	161
153	171
153	186
153	187
153	191
154	13
154	64
154	65
154	79
154	93
154	150
154	162
154	166
154	172
154	175
154	176
154	180
154	184
154	188
154	189
154	190
154	191
154	192
154	195
154	200
155	11
155	14
155	27
155	37
155	65
155	89
155	126
155	129
155	139
155	148
155	150
155	156
155	157
155	164
155	170
155	174
155	179
155	187
155	193
155	194
156	2
156	15
156	33
156	51
156	90
156	92
156	95
156	126
156	129
156	136
156	155
156	168
156	170
156	174
156	179
156	180
156	181
156	183
156	187
156	194
157	2
157	21
157	30
157	42
157	95
157	108
157	119
157	126
157	137
157	139
157	146
157	155
157	164
157	168
157	172
157	178
157	179
157	183
157	187
157	194
158	46
158	56
158	62
158	66
158	68
158	78
158	81
158	84
158	98
158	100
158	102
158	134
158	141
158	142
158	143
158	146
158	147
158	163
158	173
158	177
159	70
159	100
159	109
159	116
159	123
159	131
159	137
159	144
159	145
159	167
159	169
159	182
159	183
159	185
159	192
159	193
159	195
159	197
159	198
159	199
159	200
160	20
160	22
160	50
160	53
160	78
160	85
160	88
160	94
160	120
160	135
160	148
160	152
160	153
160	161
160	168
160	171
160	176
160	183
160	186
160	188
160	195
161	22
161	27
161	28
161	44
161	53
161	63
161	75
161	84
161	85
161	94
161	108
161	118
161	123
161	130
161	132
161	152
161	153
161	160
161	168
161	186
161	195
162	3
162	4
162	65
162	90
162	92
162	125
162	132
162	140
162	152
162	154
162	166
162	172
162	176
162	180
162	184
162	188
162	189
162	190
162	191
162	193
162	199
163	8
163	10
163	18
163	59
163	71
163	84
163	93
163	100
163	103
163	104
163	114
163	116
163	122
163	132
163	133
163	149
163	150
163	158
163	173
163	174
163	196
164	1
164	2
164	11
164	43
164	77
164	80
164	81
164	83
164	95
164	99
164	112
164	113
164	126
164	138
164	155
164	157
164	170
164	174
164	187
164	192
164	194
165	46
165	53
165	87
165	89
165	101
165	105
165	121
165	125
165	127
165	133
165	144
165	169
165	170
165	182
165	185
165	192
165	193
165	195
165	197
165	198
165	199
165	200
166	32
166	90
166	93
166	96
166	105
166	108
166	110
166	120
166	128
166	134
166	143
166	154
166	162
166	171
166	176
166	180
166	184
166	187
166	188
166	189
166	190
166	191
167	8
167	21
167	39
167	58
167	72
167	87
167	91
167	100
167	103
167	112
167	115
167	116
167	117
167	135
167	136
167	149
167	159
167	173
167	179
167	191
167	195
167	196
168	15
168	20
168	27
168	30
168	44
168	57
168	63
168	85
168	120
168	128
168	129
168	135
168	148
168	156
168	157
168	160
168	161
168	171
168	186
168	188
168	190
168	200
169	25
169	48
169	54
169	58
169	75
169	81
169	102
169	123
169	124
169	131
169	143
169	159
169	165
169	182
169	189
169	190
169	192
169	193
169	195
169	197
169	198
169	199
169	200
170	11
170	51
170	54
170	68
170	80
170	89
170	108
170	109
170	110
170	121
170	139
170	155
170	156
170	164
170	165
170	174
170	179
170	181
170	183
170	187
170	188
170	194
170	198
171	15
171	20
171	28
171	40
171	48
171	57
171	75
171	88
171	94
171	98
171	107
171	120
171	130
171	135
171	148
171	152
171	153
171	160
171	166
171	168
171	179
171	180
171	186
171	199
172	1
172	14
172	66
172	67
172	76
172	79
172	88
172	105
172	107
172	110
172	128
172	137
172	154
172	157
172	162
172	176
172	178
172	180
172	184
172	188
172	189
172	190
172	191
172	192
173	5
173	7
173	10
173	29
173	32
173	52
173	86
173	101
173	103
173	115
173	117
173	122
173	125
173	136
173	148
173	149
173	150
173	158
173	163
173	167
173	185
173	187
173	191
173	193
173	196
174	10
174	11
174	17
174	24
174	36
174	77
174	81
174	99
174	116
174	119
174	124
174	129
174	139
174	155
174	156
174	163
174	164
174	170
174	178
174	180
174	181
174	182
174	183
174	187
174	194
175	16
175	19
175	54
175	65
175	66
175	68
175	76
175	78
175	81
175	84
175	97
175	98
175	106
175	118
175	135
175	142
175	145
175	147
175	151
175	154
175	176
175	177
175	178
175	179
175	197
176	5
176	59
176	67
176	71
176	76
176	96
176	110
176	128
176	137
176	140
176	154
176	160
176	162
176	166
176	172
176	175
176	180
176	184
176	188
176	189
176	190
176	191
176	195
176	196
176	199
177	16
177	56
177	68
177	69
177	70
177	97
177	98
177	104
177	106
177	111
177	118
177	124
177	126
177	141
177	142
177	145
177	146
177	147
177	151
177	158
177	175
177	178
177	181
177	184
177	194
178	41
178	45
178	50
178	56
178	60
178	62
178	66
178	68
178	69
178	75
178	76
178	78
178	81
178	84
178	97
178	106
178	111
178	118
178	119
178	138
178	141
178	145
178	146
178	151
178	157
178	172
178	174
178	175
178	177
178	188
179	1
179	2
179	26
179	31
179	54
179	55
179	57
179	80
179	89
179	92
179	95
179	99
179	106
179	107
179	109
179	113
179	126
179	129
179	134
179	155
179	156
179	157
179	167
179	170
179	171
179	175
179	181
179	182
179	183
179	185
179	194
180	7
180	47
180	60
180	67
180	70
180	76
180	79
180	83
180	90
180	93
180	96
180	108
180	110
180	130
180	137
180	140
180	154
180	156
180	162
180	166
180	171
180	172
180	174
180	176
180	184
180	188
180	189
180	190
180	191
180	195
180	198
181	9
181	12
181	26
181	31
181	36
181	37
181	49
181	51
181	55
181	77
181	79
181	85
181	91
181	95
181	99
181	101
181	107
181	108
181	116
181	126
181	127
181	149
181	156
181	170
181	174
181	177
181	179
181	182
181	183
181	194
181	196
182	22
182	46
182	55
182	72
182	73
182	82
182	91
182	93
182	102
182	109
182	121
182	123
182	127
182	131
182	133
182	144
182	159
182	165
182	169
182	174
182	179
182	181
182	185
182	187
182	192
182	193
182	195
182	197
182	198
182	199
182	200
183	2
183	9
183	17
183	21
183	32
183	38
183	49
183	54
183	59
183	64
183	80
183	92
183	99
183	107
183	108
183	119
183	124
183	131
183	133
183	139
183	147
183	156
183	157
183	159
183	160
183	170
183	174
183	179
183	181
183	187
183	194
183	196
184	3
184	13
184	16
184	47
184	57
184	60
184	65
184	71
184	90
184	93
184	96
184	105
184	110
184	111
184	113
184	128
184	137
184	140
184	145
184	154
184	162
184	166
184	172
184	176
184	177
184	180
184	188
184	189
184	190
184	191
184	194
184	195
184	199
185	10
185	46
185	50
185	54
185	70
185	73
185	82
185	89
185	107
185	109
185	113
185	121
185	123
185	127
185	131
185	133
185	137
185	138
185	143
185	144
185	159
185	165
185	173
185	179
185	182
185	188
185	189
185	192
185	193
185	195
185	196
185	197
185	198
185	199
185	200
186	9
186	13
186	15
186	20
186	22
186	25
186	27
186	28
186	30
186	44
186	53
186	57
186	63
186	75
186	82
186	85
186	88
186	94
186	102
186	108
186	120
186	122
186	130
186	135
186	141
186	148
186	152
186	153
186	160
186	161
186	168
186	171
186	187
186	193
186	196
186	200
187	1
187	3
187	21
187	24
187	31
187	37
187	42
187	49
187	51
187	55
187	57
187	62
187	68
187	80
187	89
187	92
187	95
187	108
187	113
187	121
187	124
187	126
187	139
187	153
187	155
187	156
187	157
187	164
187	166
187	170
187	173
187	174
187	182
187	183
187	186
187	194
187	197
188	3
188	4
188	13
188	14
188	19
188	47
188	65
188	67
188	71
188	76
188	79
188	83
188	92
188	93
188	96
188	105
188	110
188	121
188	128
188	137
188	140
188	152
188	154
188	160
188	162
188	166
188	168
188	170
188	172
188	176
188	178
188	180
188	184
188	185
188	189
188	191
188	194
188	196
189	2
189	3
189	4
189	19
189	47
189	65
189	67
189	71
189	76
189	79
189	83
189	90
189	93
189	105
189	110
189	113
189	128
189	137
189	140
189	142
189	146
189	151
189	154
189	162
189	166
189	169
189	172
189	176
189	180
189	184
189	185
189	188
189	190
189	191
189	192
189	195
189	196
189	200
190	3
190	4
190	13
190	14
190	26
190	28
190	36
190	41
190	47
190	61
190	67
190	71
190	76
190	77
190	79
190	83
190	90
190	93
190	96
190	105
190	110
190	122
190	128
190	129
190	137
190	139
190	140
190	154
190	162
190	166
190	168
190	169
190	172
190	176
190	180
190	184
190	189
190	191
190	198
191	4
191	12
191	13
191	14
191	30
191	47
191	64
191	65
191	67
191	71
191	76
191	83
191	87
191	90
191	93
191	96
191	105
191	106
191	110
191	128
191	137
191	140
191	147
191	153
191	154
191	162
191	166
191	167
191	172
191	173
191	176
191	180
191	184
191	188
191	189
191	190
191	192
191	197
191	200
192	35
192	38
192	43
192	50
192	52
192	58
192	70
192	73
192	74
192	83
192	85
192	102
192	105
192	111
192	123
192	125
192	126
192	127
192	133
192	134
192	138
192	143
192	144
192	146
192	154
192	159
192	164
192	165
192	169
192	172
192	182
192	185
192	189
192	191
192	193
192	195
192	197
192	198
192	199
192	200
193	1
193	5
193	6
193	34
193	35
193	43
193	48
193	52
193	53
193	61
193	70
193	74
193	100
193	102
193	114
193	121
193	123
193	125
193	127
193	129
193	133
193	138
193	143
193	144
193	155
193	159
193	162
193	165
193	169
193	173
193	182
193	185
193	186
193	192
193	194
193	195
193	197
193	198
193	199
193	200
194	1
194	9
194	26
194	33
194	36
194	37
194	42
194	49
194	51
194	54
194	55
194	80
194	86
194	89
194	99
194	107
194	115
194	118
194	119
194	121
194	122
194	124
194	125
194	126
194	128
194	129
194	139
194	155
194	156
194	157
194	164
194	170
194	174
194	177
194	179
194	181
194	183
194	184
194	187
194	188
194	193
195	6
195	35
195	38
195	48
195	50
195	51
195	52
195	58
195	67
195	73
195	74
195	82
195	99
195	102
195	109
195	112
195	123
195	125
195	127
195	131
195	133
195	143
195	144
195	154
195	159
195	160
195	161
195	165
195	167
195	169
195	176
195	180
195	182
195	184
195	185
195	189
195	192
195	193
195	197
195	198
195	199
195	200
196	5
196	7
196	10
196	18
196	22
196	29
196	32
196	39
196	56
196	59
196	64
196	71
196	72
196	86
196	87
196	91
196	100
196	101
196	103
196	104
196	110
196	112
196	114
196	115
196	116
196	117
196	122
196	123
196	132
196	134
196	136
196	149
196	150
196	163
196	167
196	173
196	176
196	181
196	183
196	185
196	186
196	188
196	189
197	3
197	6
197	25
197	34
197	35
197	38
197	43
197	45
197	46
197	52
197	70
197	73
197	74
197	80
197	82
197	88
197	104
197	109
197	112
197	121
197	123
197	125
197	127
197	131
197	133
197	136
197	138
197	139
197	144
197	151
197	159
197	165
197	169
197	175
197	182
197	185
197	187
197	191
197	192
197	193
197	195
197	198
197	199
197	200
198	5
198	6
198	34
198	36
198	38
198	44
198	46
198	48
198	50
198	52
198	58
198	74
198	82
198	83
198	96
198	102
198	109
198	121
198	123
198	125
198	127
198	128
198	130
198	131
198	135
198	138
198	143
198	144
198	147
198	149
198	159
198	165
198	169
198	170
198	180
198	182
198	185
198	190
198	192
198	193
198	195
198	197
198	199
198	200
199	11
199	34
199	38
199	43
199	46
199	48
199	49
199	58
199	62
199	67
199	70
199	73
199	74
199	82
199	97
199	102
199	105
199	109
199	115
199	121
199	123
199	125
199	126
199	127
199	131
199	133
199	138
199	143
199	144
199	159
199	162
199	165
199	169
199	171
199	176
199	182
199	184
199	185
199	192
199	193
199	195
199	197
199	198
199	200
200	6
200	23
200	26
200	27
200	34
200	35
200	43
200	48
200	50
200	52
200	58
200	70
200	73
200	74
200	77
200	82
200	98
200	102
200	103
200	109
200	115
200	121
200	125
200	127
200	131
200	133
200	138
200	143
200	144
200	146
200	154
200	159
200	165
200	168
200	169
200	182
200	185
200	186
200	189
200	191
200	192
200	193
200	195
200	197
200	198
200	199
