22052
39060
66079
9522
26143
43081
30505
25155
35537
16376
26877
2948
51178
24841
62508
17241
73126
2947
17113
30444
61178
26935
67916
3036
6496
69080
44695
51220
59845
26876
32320
45264
9521
42864
26880
31258
59345
43122
64719
65480
7181
8940
19333
73774
22049
43123
49575
26914
6804
1727
74557
34208
68264
18903
64600
10041
50489
46540
59130
49072
50286
68388
31259
61177
43082
32337
59072
51785
40790
26915
44363
44761
52195
9519
51894
39333
46300
25249
34209
7180
6437
49033
49100
49884
59105
1639
46032
46033
34488
21520
46618
34788
15371
16213
61458
74605
33369
43464
60183
13332
64599
33370
65477
21521
44376
59104
3040
74002
74740
74003
49101
63477
10679
59673
9485
44883
51736
47028
33941
48566
1046
59674
3063
47062
43462
50285
10680
17296
35782
3762
31706
34487
73853
43790
47948
70858
26878
1379
26879
9644
9645
14080
41192
74556
25451
74738
22917
17295
69618
1789
44377
71582
45262
18905
61459
35123
25189
45797
58188
8541
42844
66315
45263
12108
13178
1380
4334
43463
8090
51402
4335
7410
6818
50928
42180
17297
9520
26180
44375
41263
49894
44364
34712
53197
50929
44960
64527
46617
40134
74923
27460
13179
46969
60773
14645
8537
71337
63478
46304
63479
60774
50280
40168
14416
25475
40796
25476
47907
73081
33969
46539
54637
5159
16422
60781
74560
49890
49382
63821
28437
43465
27085
3061
47687
41265
71223
54636
60659
14413
40789
61134
41194
17690
10118
3094
69543
1723
74007
74008
24552
61135
71657
61719
48567
4367
69310
14414
19545
74558
49576
35776
50287
2161
2162
60241
33761
1640
61133
66080
66081
11290
41200
70859
7411
51287
20867
3390
17691
43840
71338
43466
28657
35038
5839
39560
31742
40788
70650
36251
38085
1697
13690
28656
47986
6935
41193
44543
56610
58789
3095
42121
57869
34709
735
28123
55800
66088
68199
38086
6938
70329
736
7291
30951
51138
40169
35039
66276
6696
9629
10131
49247
61450
58445
63643
61451
44421
59341
66886
11291
47532
68572
31707
30419
1889
57870
74559
61669
61720
8850
26881
44380
42263
41191
49891
18054
4868
43198
74167
58446
32903
16917
17434
41894
39029
73882
15463
37320
8524
30801
5980
37913
24111
6981
29785
58790
65478
13333
46192
51139
21258
1641
51248
58816
51983
2323
42264
19350
61770
37917
47342
51293
73883
51700
2150
2151
22409
24553
42635
3062
61671
737
51812
58539
39107
51984
27248
65479
35534
6982
8943
73689
39108
35270
36240
36241
38355
49893
28085
29466
49892
35525
69679
18921
46043
46044
9831
6936
37079
54560
26241
42265
43118
57576
65230
2152
8851
8941
46014
16918
10119
14417
48907
59198
51221
63214
6939
34446
8852
47346
22916
7755
61863
12404
59199
74737
6869
71347
67212
74562
8942
26099
18621
30928
40470
23108
46015
14419
23109
4869
10120
33010
47442
46625
4783
37321
74168
58801
50862
75117
18904
26181
61670
12405
67949
54521
47960
59519
30420
31283
43119
8853
30028
2863
3908
29544
33007
74300
48891
13751
29680
24112
614
23682
46622
59160
27058
30029
15148
5897
55919
71434
28394
8441
45885
59520
7292
26100
7756
74739
59159
26749
3876
11989
6589
73884
26101
43403
39109
44163
61923
25938
67951
26102
67950
3186
18449
68232
27471
42863
19367
47815
15466
51123
67754
42847
58443
23868
48413
42867
65274
61924
29120
35997
74859
35102
35865
34710
47468
58444
61846
30421
71587
51258
5445
58607
53843
14324
73850
10805
30952
59883
30330
199
27440
40006
48958
21266
40216
49349
61672
25911
30929
41195
45265
72671
23876
35866
60961
15464
52672
74565
11292
48543
38809
27472
73547
21525
27473
45266
18622
30331
36731
24603
47814
58756
74398
2973
32907
17922
52654
65565
24059
61771
71765
4916
45267
17767
50281
24113
